55 40 96 40
96 40 101 36
101 36 122 36
122 36 126 40
126 40 173 40
171 48 174 48
174 48 176 36
176 36 434 36
434 36 437 40
437 40 439 47
438 40 486 40
486 40 493 36
493 36 509 36
509 36 514 40
514 40 554 40
554 40 557 42
557 42 559 51
558 50 560 52
560 52 550 232
550 232 548 235
548 235 62 235
62 235 62 232
62 232 57 193
57 193 69 193
69 193 69 161
69 161 56 161
56 161 58 170
59 183 57 193
56 170 56 182
56 182 59 182
56 170 59 170
59 169 59 183
59 182 69 182
59 169 69 169
59 178 69 178
56 161 50 52
50 52 52 50
51 51 52 42
52 42 55 40
52 50 100 50
100 50 96 40
98 38 124 38
126 40 120 50
120 50 171 50
439 50 490 50
490 50 486 40
490 38 510 38
514 40 510 50
510 50 558 50
437 46 439 48
439 48 436 139
436 139 434 141
434 141 176 141
176 141 174 139
174 139 171 48
171 48 173 46
173 46 437 46
220 80 431 80
431 80 431 103
431 103 220 103
220 103 220 80
250 148 281 148
285 148 315 148
318 148 349 148
354 148 384 148
250 153 281 153
285 153 315 153
318 153 349 153
354 153 384 153
250 148 250 153
281 148 281 153
285 148 285 153
315 148 315 153
318 148 318 153
349 148 349 153
354 148 354 153
384 148 384 153
175 219 205 219
209 219 239 219
242 219 274 219
278 219 308 219
312 219 342 219
346 219 376 219
380 219 411 219
415 219 445 219
445 229 415 229
411 229 380 229
376 229 346 229
342 229 312 229
308 229 278 229
274 229 242 229
239 229 209 229
205 229 175 229
175 219 175 229
205 219 205 229
209 219 209 229
239 219 239 229
242 219 242 229
274 219 274 229
278 219 278 229
308 219 308 229
312 219 312 229
342 219 342 229
346 219 346 229
376 219 376 229
380 219 380 229
411 219 411 229
415 219 415 229
445 219 445 229
220 107 242 107
242 107 242 138
242 138 220 138
220 138 220 107
227 107 227 138
234 107 234 138
220 114 242 114
220 122 242 122
220 130 242 130
180 137 180 115
180 115 186 115
186 115 186 137
186 137 180 137
185 135 181 135
181 135 181 125
181 125 185 125
185 125 185 135
181 130 185 130
202 137 195 137
195 137 195 115
195 115 202 115
202 115 202 137
201 131 201 136
201 136 196 136
196 136 196 131
196 131 201 131
196 133 201 133
201 90 218 90
218 90 218 95
218 95 201 95
201 95 201 90
207 91 216 91
216 91 216 94
216 94 207 94
207 94 207 91
283 84 306 84
318 84 334 84
343 84 356 84
380 84 428 84
428 84 428 94
420 84 420 94
414 84 414 94
407 84 407 94
400 84 400 94
393 84 393 94
386 84 386 94
380 84 380 94
356 84 356 94
343 84 343 94
334 84 334 94
326 84 326 94
318 84 318 94
306 84 306 94
299 84 299 94
290 84 290 94
283 84 283 94
246 107 253 107
253 107 253 113
253 113 246 113
246 113 246 107
246 116 253 116
253 116 253 122
246 122 253 122
246 122 246 116
258 108 266 108
269 108 276 108
258 112 266 112
269 112 276 112
258 108 258 112
266 108 266 112
269 108 269 112
276 108 276 112
263 131 269 131
269 131 266 137
266 137 263 131
294 132 300 132
302 132 308 132
310 132 316 132
318 132 326 132
328 132 336 132
294 137 300 137
302 137 308 137
310 137 316 137
318 137 326 137
328 137 336 137
294 132 294 137
300 132 300 137
302 132 302 137
308 132 308 137
310 132 310 137
316 132 316 137
318 132 318 137
326 132 326 137
328 132 328 137
336 132 336 137
380 120 388 120
390 120 398 120
400 120 408 120
410 120 418 120
420 120 428 120
380 125 388 125
390 125 398 125
400 125 408 125
410 125 418 125
420 125 428 125
380 120 380 125
388 120 388 125
390 120 390 125
398 120 398 125
400 120 400 125
408 120 408 125
410 120 410 125
418 120 418 125
420 120 420 125
428 120 428 125
360 125 360 122
360 122 365 122
365 122 365 125
365 125 360 125
360 135 360 132
360 132 365 132
365 132 365 135
365 135 360 135
380 105 383 105
385 105 388 105
391 105 394 105
398 105 401 105
404 105 407 105
412 105 415 105
419 105 422 105
425 105 428 105
380 110 383 110
385 110 388 110
391 110 394 110
398 110 401 110
404 110 407 110
412 110 415 110
419 110 422 110
425 110 428 110
380 105 380 110
383 105 383 110
385 105 385 110
388 105 388 110
391 105 391 110
394 105 394 110
398 105 398 110
401 105 401 110
404 105 404 110
407 105 407 110
412 105 412 110
415 105 415 110
419 105 419 110
422 105 422 110
425 105 425 110
428 105 428 110
360 105 365 105
370 105 375 105
360 110 365 110
370 110 375 110
360 105 360 110
365 105 365 110
370 105 370 110
375 105 375 110
281 105 284 105
288 105 291 105
296 105 299 105
305 105 308 105
281 110 284 110
288 110 291 110
296 110 299 110
305 110 308 110
281 105 281 110
284 105 284 110
288 105 288 110
291 105 291 110
296 105 296 110
299 105 299 110
305 105 305 110
308 105 308 110
315 107 318 107
323 107 326 107
331 107 334 107
315 110 318 110
323 110 326 110
331 110 334 110
315 107 315 110
318 107 318 110
323 107 323 110
326 107 326 110
331 107 331 110
334 107 334 110
343 106 347 106
352 106 356 106
343 110 347 110
352 110 356 110
343 106 343 110
347 106 347 110
352 106 352 110
356 106 356 110
85 161 540 161
540 161 540 213
540 213 85 213
85 213 85 161
93 191 99 191
108 191 114 191
130 191 136 191
144 191 150 191
158 191 164 191
181 191 187 191
195 191 201 191
219 191 225 191
233 191 239 191
245 191 251 191
271 191 277 191
286 191 292 191
309 191 315 191
322 191 328 191
336 191 342 191
360 191 366 191
373 191 379 191
397 191 403 191
411 191 417 191
424 191 430 191
448 191 454 191
462 191 468 191
486 191 493 191
500 191 506 191
512 191 518 191
93 191 93 161
100 191 100 161
108 191 108 161
114 191 114 161
130 191 130 161
136 191 136 161
144 191 144 161
150 191 150 161
158 191 158 161
164 191 164 161
181 191 181 161
187 191 187 161
195 191 195 161
201 191 201 161
219 191 219 161
225 191 225 161
233 191 233 161
239 191 239 161
245 191 245 161
251 191 251 161
271 191 271 161
277 191 277 161
286 191 286 161
292 191 292 161
309 191 309 161
315 191 315 161
322 191 322 161
328 191 328 161
336 191 336 161
342 191 342 161
360 191 360 161
366 191 366 161
373 191 373 161
379 191 379 161
397 191 397 161
403 191 403 161
411 191 411 161
417 191 417 161
424 191 424 161
430 191 430 161
448 191 448 161
454 191 454 161
462 191 462 161
468 191 468 161
486 191 486 161
493 191 493 161
500 191 500 161
506 191 506 161
512 191 512 161
518 191 518 161
97 213 97 191
110 213 110 191
122 213 122 161
135 213 135 191
147 213 147 191
160 213 160 191
173 213 173 161
185 213 185 191
198 213 198 191
210 213 210 161
223 213 223 191
235 213 235 191
248 213 248 191
261 213 261 161
275 213 275 191
288 213 288 191
300 213 300 161
313 213 313 191
325 213 325 191
338 213 338 191
351 213 351 161
364 213 364 191
376 213 376 191
389 213 389 161
401 213 401 191
414 213 414 191
426 213 426 191
440 213 440 161
453 213 453 191
465 213 465 191
478 213 478 161
490 213 490 191
503 213 503 191
515 213 515 191
528 213 528 161
